Schlake 1 2 4 6 7 13 18 20 21 22 23 25 27 28 29 30
Meredith 1 3 4 5 10 11 12 14 15 17 18 19 22 25 26 28 29 31
Kat 1 2 4 6 7 8 9 11 13 14 15 16 18 20 25 27 28 29 30
Tariq 1 2 4 6 7 8 9 11 13 14 15 16 18 20 22 23 24 25 26
Sydney 2 3 4 5 6 7 9 10 11 13 16 17 18 21 22 23 25 27 30 31
Chelsea 1 2 3 4 6 7 8 10 11 13 17 18 21 22 23 25 26 27 30 31
Shahmir 4 6 8 9 11 13 14 15 16 18 20 21 22 23 25 27 28 29 30 31
Akshay 1 2 4 6 7 8 9 11 13 14 15 16 18 20 22 23 25 27 28 29 30
Kylie 4 5 6 7 8 9 12 13 14 15 16 18 19 20 22 23 25 26 28 29 30
Alex 3 4 5 6 9 10 11 12 17 18 19 20 21 23 24 25 26 27 28 29 30
Zachary 2 3 4 5 6 7 9 11 12 13 14 16 17 18 19 20 23 24 25 26 27 30
Austin 1 2 3 5 6 7 8 9 12 13 17 19 20 21 22 23 24 26 27 28 29 30 31
P 1 2 4 6 7 8 9 11 13 14 15 16 18 20 21 22 23 25 27 28 29 30 31
Harrison 3 4 5 6 10 11 12 13 14 15 16 17 18 19 20 21 23 24 25 26 27 28 30 31
Amanda 1 2 3 4 5 6 7 8 9 10 11 12 13 17 18 19 20 21 22 23 24 25 27 31
Joel 1 2 3 4 5 6 9 10 11 13 14 15 16 17 18 19 20 21 22 23 24 25 29 30 31
Collin 1 2 3 6 7 8 9 10 11 12 13 14 15 16 17 18 19 21 22 23 24 25 26 29 30 31
Benjamin 1 2 3 4 5 7 8 9 10 11 12 13 14 15 16 17 18 19 20 22 23 24 26 27 28 29 30 31
Josh 1 2 3 4 5 8 9 10 11 12 13 14 15 16 17 18 19 20 22 23 24 25 26 27 28 29 30 31
Amy 1 2 3 6 7 8 9 10 11 12 13 14 15 16 17 18 19 20 21 22 23 24 25 26 27 28 29 30 31