20 30
Katrina 1 3 4 8 10 12 13 15 17 27 29
Pawl 3 4 5 6 8 10 11 12 13 15 17 26 27
Sydney 1 2 3 4 6 7 8 11 13 14 15 16 28 30
Kylie 1 2 4 5 6 8 9 10 12 13 15 16 17 18 27
Meredith 1 2 4 7 8 9 11 12 13 25 26 27 28 29 30
Amanda 1 2 7 8 9 10 11 14 15 16 17 18 19 28 29 30
Akshay 1 2 3 4 6 7 8 12 13 14 15 16 17 28 29 30
Chelsea 1 2 3 4 5 7 8 9 11 15 16 17 25 27 28 29 30
Zachary 1 3 4 5 6 7 8 9 12 13 14 15 16 17 26 27 29 30
Alex 1 2 3 4 5 6 7 8 9 10 11 12 13 14 15 17 28 29 30
Tariq 1 3 4 5 6 8 10 11 12 13 18 19 20 22 24 25 26 27 29
Schlake 1 3 4 6 10 11 12 13 15 17 18 19 20 21 22 23 24 25 26 27 29
Joel 3 4 5 6 7 8 9 10 11 12 13 14 18 19 20 21 22 23 24 25 26 27 28
Benjamin 1 2 3 4 5 6 7 8 9 10 12 13 14 15 18 19 20 21 22 23 24 28 30
Collin 1 2 3 4 5 6 7 8 9 10 11 13 14 15 16 17 18 19 20 21 27 28 29 30
Austin 1 2 3 5 6 7 8 9 10 12 13 14 15 16 17 18 19 20 21 22 23 24 28 29
Shahmir 1 2 3 4 6 8 12 13 14 15 16 17 19 20 21 22 23 24 25 26 27 28 29 30
Harrison 1 2 3 6 7 8 9 10 14 15 16 17 18 19 20 21 22 23 24 25 26 27 28 29 30
Josh 2 3 4 5 6 7 8 9 10 11 13 14 15 16 17 18 20 21 22 23 24 25 26 27 28 29 30
Amy 2 3 4 5 6 8 9 10 11 12 13 14 15 16 17 18 19 20 21 22 23 24 25 26 27 28 29 30